Multiple size <= 100
TEST 1 ARG:16 30 62 97 35 45 11 19 88 57 24 54 37 8 67 1 70 74 68 76 94 49 32 64 79 2 58 4 89 3 60 41 28 61 71 53 18 36 5 86 95 91 15 14 46 59 20 87 26 56 55 82 10 69 85 12 27 43 21 25 63 51 80 52 90 17 7 72 13 98 99 73 38 33 23 93 22 66 75 50 92 34 84 9 48 6 83 31 39 81 65 0 47 77 42 96 44 29 40 78
TEST 2 ARG:91 56 80 72 89 30 46 66 60 57 62 5 77 17 52 16 96 83 12 48 98 4 3 15 50 79 76 34 90 39 27 9 28 1 53 21 32 78 31 44 70 36 58 74 73 47 86 92 38 88 55 94 24 41 6 8 13 22 64 65 37 82 10 59 61 43 49 68 95 93 75 81 14 19 85 42 23 25 2 63 33 71 87 26 7 29 54 84 69 11 45 35 40 18 97 67 51 0 99 20
TEST 3 ARG:46 5 74 22 16 52 82 21 91 54 81 53 4 0 92 37 56 25 58 85 42 59 19 64 90 60 86 8 69 35 47 45 97 40 38 51 43 9 18 72 49 30 27 10 65 7 71 32 31 34 55 84 14 3 17 83 79 87 94 57 88 1 93 75 28 36 26 62 13 73 6 99 23 11 44 77 48 89 63 76 24 33 2 50 29 78 70 15 68 80 39 96 20 98 61 41 95 67 66 12
TEST 4 ARG:61 24 86 5 34 76 87 1 68 81 84 21 10 63 54 97 26 33 41 94 56 60 13 15 8 40 16 43 93 27 12 82 23 79 64 39 20 70 36 62 42 53 17 50 88 55 96 46 32 19 49 83 25 52 80 3 78 18 0 85 4 9 51 75 2 11 77 47 69 95 73 89 90 72 30 74 14 45 31 48 28 57 65 67 92 59 99 35 58 29 44 38 66 37 91 6 7 22 98 71
TEST 5 ARG:85 95 46 73 14 80 96 18 8 63 94 58 47 30 13 38 17 88 29 1 76 23 9 11 54 65 7 39 82 50 79 64 90 49 22 89 68 57 59 6 91 21 37 40 36 53 15 75 67 93 83 60 98 44 45 26 66 84 0 41 35 87 20 10 2 4 92 86 43 27 3 71 69 72 99 34 33 52 31 12 24 70 16 28 74 56 81 5 55 25 78 61 32 62 97 48 51 19 77 42
TEST 6 ARG:84 61 96 17 26 31 99 3 34 11 76 15 12 5 4 43 35 79 20 72 56 19 68 49 0 7 77 90 28 69 82 37 10 50 42 8 70 48 25 71 88 78 55 59 51 75 6 27 21 91 9 39 62 57 94 2 41 81 1 45 92 98 60 52 73 44 24 74 14 16 13 23 18 38 22 30 54 86 95 53 63 93 40 80 83 29 36 97 66 46 64 87 65 33 85 47 32 58 89 67
TEST 7 ARG:13 50 64 63 76 53 86 89 48 82 59 69 75 87 17 62 36 61 45 57 42 58 7 90 3 15 24 38 43 23 68 47 74 2 16 85 70 94 26 21 72 33 28 29 30 44 56 41 9 6 12 66 65 22 78 8 91 83 77 5 18 96 10 1 80 60 25 34 11 37 99 46 73 31 55 19 84 27 49 4 39 0 95 51 54 93 67 97 98 79 71 92 20 35 32 88 81 40 14 52
TEST 8 ARG:88 43 52 26 15 81 96 50 2 74 42 32 35 48 31 93 17 90 44 70 99 40 33 80 89 72 71 61 85 73 57 27 1 45 98 92 63 5 34 36 8 11 21 46 16 37 10 75 18 59 13 23 69 51 91 9 97 56 29 83 66 14 86 95 30 64 47 20 53 82 62 38 79 19 94 3 4 24 55 65 22 49 7 25 78 68 60 54 67 12 0 84 58 28 41 76 77 87 6 39
TEST 9 ARG:57 39 67 15 84 78 51 56 46 10 79 91 31 59 0 65 99 11 23 25 27 14 61 68 21 81 76 5 17 38 52 60 62 87 7 85 88 1 58 29 18 48 20 69 32 45 64 42 37 35 97 83 4 73 80 74 8 41 22 93 40 66 53 63 70 9 95 49 77 47 89 75 50 72 19 2 82 86 12 92 26 44 43 28 6 30 96 94 3 33 13 98 90 55 16 71 24 54 34 36
